input: 10000000,1,100,1
10000000,1,100,1,none,0
mem 1651040
input: 10000000,1,100,1
10000000,1,100,1,cube_unordMap_union,1260
mem 1651016
input: 10000000,1,100,1
10000000,1,100,1,cube_unordMap,307
mem 1651132
input: 10000000,1,100,1
10000000,1,100,1,cube_myHash,105
mem 1653380
input: 10000000,1,100,1
10000000,1,100,1,cube_final,129
mem 1652652
input: 10000000,1,100,1
10000000,1,100,1,rollup_union,632
mem 1651024
input: 10000000,1,100,1
10000000,1,100,1,rollup_final,118
mem 1651536
input: 10000000,1,100,10
10000000,1,100,10,none,0
mem 1651096
input: 10000000,1,100,10
10000000,1,100,10,cube_unordMap_union,1438
mem 1651084
input: 10000000,1,100,10
10000000,1,100,10,cube_unordMap,311
mem 1651124
input: 10000000,1,100,10
10000000,1,100,10,cube_myHash,145
mem 1653436
input: 10000000,1,100,10
10000000,1,100,10,cube_final,172
mem 1652676
input: 10000000,1,100,10
10000000,1,100,10,rollup_union,646
mem 1651184
input: 10000000,1,100,10
10000000,1,100,10,rollup_final,140
mem 1651916
input: 10000000,1,100,100
10000000,1,100,100,none,0
mem 1651168
input: 10000000,1,100,100
10000000,1,100,100,cube_unordMap_union,1638
mem 1652088
input: 10000000,1,100,100
10000000,1,100,100,cube_unordMap,465
mem 1652472
input: 10000000,1,100,100
10000000,1,100,100,cube_myHash,225
mem 1653796
input: 10000000,1,100,100
10000000,1,100,100,cube_final,251
mem 1653076
input: 10000000,1,100,100
10000000,1,100,100,rollup_union,757
mem 1651700
input: 10000000,1,100,100
10000000,1,100,100,rollup_final,216
mem 1652128
input: 10000000,1,100,1000
10000000,1,100,1000,none,0
mem 1651048
input: 10000000,1,100,1000
10000000,1,100,1000,cube_unordMap_union,3147
mem 1657872
input: 10000000,1,100,1000
10000000,1,100,1000,cube_unordMap,1293
mem 1662544
input: 10000000,1,100,1000
10000000,1,100,1000,cube_myHash,692
mem 1663804
input: 10000000,1,100,1000
10000000,1,100,1000,cube_final,774
mem 1663536
input: 10000000,1,100,1000
10000000,1,100,1000,rollup_union,1630
mem 1656932
input: 10000000,1,100,1000
10000000,1,100,1000,rollup_final,685
mem 1659800
input: 10000000,1,100,10000
10000000,1,100,10000,none,0
mem 1651040
input: 10000000,1,100,10000
10000000,1,100,10000,cube_unordMap_union,7497
mem 1714724
input: 10000000,1,100,10000
10000000,1,100,10000,cube_unordMap,4555
mem 1762272
input: 10000000,1,100,10000
10000000,1,100,10000,cube_myHash,2348
mem 1745204
input: 10000000,1,100,10000
10000000,1,100,10000,cube_final,2231
mem 1750428
input: 10000000,1,100,10000
10000000,1,100,10000,rollup_union,3497
mem 1706420
input: 10000000,1,100,10000
10000000,1,100,10000,rollup_final,1803
mem 1717732
input: 10000000,1,100,100000
10000000,1,100,100000,none,0
mem 1651092
input: 10000000,1,100,100000
10000000,1,100,100000,cube_unordMap_union,17079
mem 2086892
input: 10000000,1,100,100000
10000000,1,100,100000,cube_unordMap,16243
mem 2387568
input: 10000000,1,100,100000
10000000,1,100,100000,cube_myHash,7229
mem 2331724
input: 10000000,1,100,100000
10000000,1,100,100000,cube_final,7409
mem 2375824
input: 10000000,1,100,100000
10000000,1,100,100000,rollup_union,7879
mem 2016556
input: 10000000,1,100,100000
10000000,1,100,100000,rollup_final,3824
mem 2112232
input: 10000000,1,100,1000000
10000000,1,100,1000000,none,0
mem 1650980
input: 10000000,1,100,1000000
10000000,1,100,1000000,cube_unordMap_union,27446
mem 2423804
input: 10000000,1,100,1000000
10000000,1,100,1000000,cube_unordMap,27480
mem 2916788
input: 10000000,1,100,1000000
10000000,1,100,1000000,cube_myHash,10307
mem 2477736
input: 10000000,1,100,1000000
10000000,1,100,1000000,cube_final,10377
mem 2510800
input: 10000000,1,100,1000000
10000000,1,100,1000000,rollup_union,11204
mem 2275128
input: 10000000,1,100,1000000
10000000,1,100,1000000,rollup_final,4378
mem 2212232
input: 10000000,1,10000,1
10000000,1,10000,1,none,0
mem 1651116
input: 10000000,1,10000,1
10000000,1,10000,1,cube_unordMap_union,1766
mem 1652296
input: 10000000,1,10000,1
10000000,1,10000,1,cube_unordMap,473
mem 1653252
input: 10000000,1,10000,1
10000000,1,10000,1,cube_myHash,286
mem 1654024
input: 10000000,1,10000,1
10000000,1,10000,1,cube_final,324
mem 1653368
input: 10000000,1,10000,1
10000000,1,10000,1,rollup_union,881
mem 1651772
input: 10000000,1,10000,1
10000000,1,10000,1,rollup_final,286
mem 1652252
input: 10000000,1,10000,10
10000000,1,10000,10,none,0
mem 1650884
input: 10000000,1,10000,10
10000000,1,10000,10,cube_unordMap_union,3647
mem 1658256
input: 10000000,1,10000,10
10000000,1,10000,10,cube_unordMap,1389
mem 1663176
input: 10000000,1,10000,10
10000000,1,10000,10,cube_myHash,757
mem 1663676
input: 10000000,1,10000,10
10000000,1,10000,10,cube_final,778
mem 1663464
input: 10000000,1,10000,10
10000000,1,10000,10,rollup_union,1761
mem 1656780
input: 10000000,1,10000,10
10000000,1,10000,10,rollup_final,727
mem 1659872
input: 10000000,1,10000,100
10000000,1,10000,100,none,0
mem 1650912
input: 10000000,1,10000,100
10000000,1,10000,100,cube_unordMap_union,7248
mem 1714888
input: 10000000,1,10000,100
10000000,1,10000,100,cube_unordMap,4407
mem 1762152
input: 10000000,1,10000,100
10000000,1,10000,100,cube_myHash,2262
mem 1745164
input: 10000000,1,10000,100
10000000,1,10000,100,cube_final,2285
mem 1750316
input: 10000000,1,10000,100
10000000,1,10000,100,rollup_union,3695
mem 1706504
input: 10000000,1,10000,100
10000000,1,10000,100,rollup_final,1847
mem 1717680
input: 10000000,1,10000,1000
10000000,1,10000,1000,none,0
mem 1651008
input: 10000000,1,10000,1000
10000000,1,10000,1000,cube_unordMap_union,16403
mem 2086084
input: 10000000,1,10000,1000
10000000,1,10000,1000,cube_unordMap,15825
mem 2382924
input: 10000000,1,10000,1000
10000000,1,10000,1000,cube_myHash,6846
mem 2327356
input: 10000000,1,10000,1000
10000000,1,10000,1000,cube_final,7167
mem 2375852
input: 10000000,1,10000,1000
10000000,1,10000,1000,rollup_union,8164
mem 2016772
input: 10000000,1,10000,1000
10000000,1,10000,1000,rollup_final,4105
mem 2112232
input: 10000000,1,10000,10000
10000000,1,10000,10000,none,0
mem 1650856
input: 10000000,1,10000,10000
10000000,1,10000,10000,cube_unordMap_union,23226
mem 2415836
input: 10000000,1,10000,10000
10000000,1,10000,10000,cube_unordMap,25007
mem 2862972
input: 10000000,1,10000,10000
10000000,1,10000,10000,cube_myHash,8908
mem 2437676
input: 10000000,1,10000,10000
10000000,1,10000,10000,cube_final,9120
mem 2510876
input: 10000000,1,10000,10000
10000000,1,10000,10000,rollup_union,11611
mem 2275256
input: 10000000,1,10000,10000
10000000,1,10000,10000,rollup_final,4761
mem 2212256
input: 10000000,1,10000,100000
10000000,1,10000,100000,none,0
mem 1650980
input: 10000000,1,10000,100000
10000000,1,10000,100000,cube_unordMap_union,24771
mem 2416864
input: 10000000,1,10000,100000
10000000,1,10000,100000,cube_unordMap,27226
mem 2888208
input: 10000000,1,10000,100000
10000000,1,10000,100000,cube_myHash,9691
mem 2465572
input: 10000000,1,10000,100000
10000000,1,10000,100000,cube_final,9967
mem 2538144
input: 10000000,1,10000,100000
10000000,1,10000,100000,rollup_union,12665
mem 2275264
input: 10000000,1,10000,100000
10000000,1,10000,100000,rollup_final,4988
mem 2225808
input: 10000000,1,10000,1000000
10000000,1,10000,1000000,none,0
mem 1650912
input: 10000000,1,10000,1000000
10000000,1,10000,1000000,cube_unordMap_union,30863
mem 2424032
input: 10000000,1,10000,1000000
10000000,1,10000,1000000,cube_unordMap,31456
mem 2939708
input: 10000000,1,10000,1000000
10000000,1,10000,1000000,cube_myHash,11174
mem 2503532
input: 10000000,1,10000,1000000
10000000,1,10000,1000000,cube_final,11532
mem 2540480
input: 10000000,1,10000,1000000
10000000,1,10000,1000000,rollup_union,12139
mem 2275296
input: 10000000,1,10000,1000000
10000000,1,10000,1000000,rollup_final,5112
mem 2227068
input: 10000000,1,1000000,1
10000000,1,1000000,1,none,0
mem 1651012
input: 10000000,1,1000000,1
10000000,1,1000000,1,cube_unordMap_union,13016
mem 1735156
input: 10000000,1,1000000,1
10000000,1,1000000,1,cube_unordMap,6249
mem 1825108
input: 10000000,1,1000000,1
10000000,1,1000000,1,cube_myHash,2962
mem 1801556
input: 10000000,1,1000000,1
10000000,1,1000000,1,cube_final,2889
mem 1783412
input: 10000000,1,1000000,1
10000000,1,1000000,1,rollup_union,6414
mem 1714688
input: 10000000,1,1000000,1
10000000,1,1000000,1,rollup_final,2120
mem 1734036
input: 10000000,1,1000000,10
10000000,1,1000000,10,none,0
mem 1650976
input: 10000000,1,1000000,10
10000000,1,1000000,10,cube_unordMap_union,22503
mem 2094192
input: 10000000,1,1000000,10
10000000,1,1000000,10,cube_unordMap,19593
mem 2437432
input: 10000000,1,1000000,10
10000000,1,1000000,10,cube_myHash,8461
mem 2367324
input: 10000000,1,1000000,10
10000000,1,1000000,10,cube_final,8631
mem 2375752
input: 10000000,1,1000000,10
10000000,1,1000000,10,rollup_union,11082
mem 2016796
input: 10000000,1,1000000,10
10000000,1,1000000,10,rollup_final,5193
mem 2112304
input: 10000000,1,1000000,100
10000000,1,1000000,100,none,0
mem 1650976
input: 10000000,1,1000000,100
10000000,1,1000000,100,cube_unordMap_union,29827
mem 2423952
input: 10000000,1,1000000,100
10000000,1,1000000,100,cube_unordMap,35322
mem 2916840
input: 10000000,1,1000000,100
10000000,1,1000000,100,cube_myHash,13256
mem 2477376
input: 10000000,1,1000000,100
10000000,1,1000000,100,cube_final,13450
mem 2510896
input: 10000000,1,1000000,100
10000000,1,1000000,100,rollup_union,17424
mem 2275436
input: 10000000,1,1000000,100
10000000,1,1000000,100,rollup_final,7263
mem 2212244
input: 10000000,1,1000000,1000
10000000,1,1000000,1000,none,0
mem 1650956
input: 10000000,1,1000000,1000
10000000,1,1000000,1000,cube_unordMap_union,35729
mem 2423892
input: 10000000,1,1000000,1000
10000000,1,1000000,1000,cube_unordMap,35562
mem 2937328
input: 10000000,1,1000000,1000
10000000,1,1000000,1000,cube_myHash,11326
mem 2501176
input: 10000000,1,1000000,1000
10000000,1,1000000,1000,cube_final,11206
mem 2538116
input: 10000000,1,1000000,1000
10000000,1,1000000,1000,rollup_union,14469
mem 2275352
input: 10000000,1,1000000,1000
10000000,1,1000000,1000,rollup_final,6315
mem 2225832
input: 10000000,1,1000000,10000
10000000,1,1000000,10000,none,0
mem 1651088
input: 10000000,1,1000000,10000
10000000,1,1000000,10000,cube_unordMap_union,28903
mem 2424156
input: 10000000,1,1000000,10000
10000000,1,1000000,10000,cube_unordMap,29611
mem 2939888
input: 10000000,1,1000000,10000
10000000,1,1000000,10000,cube_myHash,10921
mem 2503188
input: 10000000,1,1000000,10000
10000000,1,1000000,10000,cube_final,11582
mem 2540388
input: 10000000,1,1000000,10000
10000000,1,1000000,10000,rollup_union,14374
mem 2275480
input: 10000000,1,1000000,10000
10000000,1,1000000,10000,rollup_final,6361
mem 2227140
input: 10000000,1,1000000,100000
10000000,1,1000000,100000,none,0
mem 1651092
input: 10000000,1,1000000,100000
10000000,1,1000000,100000,cube_unordMap_union,33370
mem 2424796
input: 10000000,1,1000000,100000
10000000,1,1000000,100000,cube_unordMap,33554
mem 2945240
input: 10000000,1,1000000,100000
10000000,1,1000000,100000,cube_myHash,13413
mem 2508380
input: 10000000,1,1000000,100000
10000000,1,1000000,100000,cube_final,12204
mem 2541432
input: 10000000,1,1000000,100000
10000000,1,1000000,100000,rollup_union,15459
mem 2275264
input: 10000000,1,1000000,100000
10000000,1,1000000,100000,rollup_final,6861
mem 2227316
input: 10000000,1,1000000,1000000
10000000,1,1000000,1000000,none,0
mem 1650956
input: 10000000,1,1000000,1000000
10000000,1,1000000,1000000,cube_unordMap_union,36060
mem 2432092
input: 10000000,1,1000000,1000000
10000000,1,1000000,1000000,cube_unordMap,35444
mem 2994744
input: 10000000,1,1000000,1000000
10000000,1,1000000,1000000,cube_myHash,12814
mem 2544176
input: 10000000,1,1000000,1000000
10000000,1,1000000,1000000,cube_final,13129
mem 2541364
input: 10000000,1,1000000,1000000
10000000,1,1000000,1000000,rollup_union,14754
mem 2275144
input: 10000000,1,1000000,1000000
10000000,1,1000000,1000000,rollup_final,6511
mem 2227500
input: 100000,100,100,100
100000,100,100,100,none,0
mem 18668
input: 100000,100,100,100
100000,100,100,100,cube_unordMap_union,83
mem 24704
input: 100000,100,100,100
100000,100,100,100,cube_unordMap,88
mem 26568
input: 100000,100,100,100
100000,100,100,100,cube_myHash,47
mem 25224
input: 100000,100,100,100
100000,100,100,100,cube_final,47
mem 25448
input: 100000,100,100,100
100000,100,100,100,rollup_union,64
mem 24700
input: 100000,100,100,100
100000,100,100,100,rollup_final,37
mem 24812
input: 1000000,100,100,100
1000000,100,100,100,none,0
mem 156204
input: 1000000,100,100,100
1000000,100,100,100,cube_unordMap_union,853
mem 194760
input: 1000000,100,100,100
1000000,100,100,100,cube_unordMap,905
mem 196204
input: 1000000,100,100,100
1000000,100,100,100,cube_myHash,359
mem 187264
input: 1000000,100,100,100
1000000,100,100,100,cube_final,371
mem 194512
input: 1000000,100,100,100
1000000,100,100,100,rollup_union,750
mem 194636
input: 1000000,100,100,100
1000000,100,100,100,rollup_final,336
mem 193704
input: 2000000,100,100,100
2000000,100,100,100,none,0
mem 310380
input: 2000000,100,100,100
2000000,100,100,100,cube_unordMap_union,1387
mem 359340
input: 2000000,100,100,100
2000000,100,100,100,cube_unordMap,1369
mem 360948
input: 2000000,100,100,100
2000000,100,100,100,cube_myHash,631
mem 360296
input: 2000000,100,100,100
2000000,100,100,100,cube_final,626
mem 376900
input: 2000000,100,100,100
2000000,100,100,100,rollup_union,1155
mem 359140
input: 2000000,100,100,100
2000000,100,100,100,rollup_final,578
mem 376816
input: 5000000,100,100,100
5000000,100,100,100,none,0
mem 825280
input: 5000000,100,100,100
5000000,100,100,100,cube_unordMap_union,2621
mem 880296
input: 5000000,100,100,100
5000000,100,100,100,cube_unordMap,2245
mem 881812
input: 5000000,100,100,100
5000000,100,100,100,cube_myHash,1112
mem 875268
input: 5000000,100,100,100
5000000,100,100,100,cube_final,1121
mem 891660
input: 5000000,100,100,100
5000000,100,100,100,rollup_union,2153
mem 880164
input: 5000000,100,100,100
5000000,100,100,100,rollup_final,1072
mem 891636
input: 10000000,100,100,100
10000000,100,100,100,none,0
mem 1651124
input: 10000000,100,100,100
10000000,100,100,100,cube_unordMap_union,4648
mem 1706420
input: 10000000,100,100,100
10000000,100,100,100,cube_unordMap,3602
mem 1708496
input: 10000000,100,100,100
10000000,100,100,100,cube_myHash,1895
mem 1701568
input: 10000000,100,100,100
10000000,100,100,100,cube_final,1971
mem 1717596
input: 10000000,100,100,100
10000000,100,100,100,rollup_union,3722
mem 1706456
input: 10000000,100,100,100
10000000,100,100,100,rollup_final,1837
mem 1717536
input: 20000000,100,100,100
20000000,100,100,100,none,0
mem 3307344
input: 20000000,100,100,100
20000000,100,100,100,cube_unordMap_union,8504
mem 3362792
input: 20000000,100,100,100
20000000,100,100,100,cube_unordMap,6126
mem 3364728
input: 20000000,100,100,100
20000000,100,100,100,cube_myHash,3511
mem 3358000
input: 20000000,100,100,100
20000000,100,100,100,cube_final,3354
mem 3374208
input: 20000000,100,100,100
20000000,100,100,100,rollup_union,6960
mem 3363012
input: 20000000,100,100,100
20000000,100,100,100,rollup_final,3469
mem 3374100
input: 50000000,100,100,100
50000000,100,100,100,none,0
mem 7996412
input: 50000000,100,100,100
50000000,100,100,100,cube_unordMap_union,20524
mem 8051764
input: 50000000,100,100,100
50000000,100,100,100,cube_unordMap,14304
mem 8053648
input: 50000000,100,100,100
50000000,100,100,100,cube_myHash,7912
mem 8046900
input: 50000000,100,100,100
50000000,100,100,100,cube_final,8213
mem 8063040
input: 50000000,100,100,100
50000000,100,100,100,rollup_union,16588
mem 8051952
input: 50000000,100,100,100
50000000,100,100,100,rollup_final,8172
mem 8063076
Command terminated by signal 9
mem 11846192
Command terminated by signal 9
mem 11847732
Command terminated by signal 9
mem 11852184
Command terminated by signal 9
mem 11762136
Command terminated by signal 9
mem 11797788
Command terminated by signal 9
mem 11805512
Command terminated by signal 9
mem 11853880
